1 0 0
2 0 0
3 0 0
4 0 0
5 0 0
6 0 0
7 0 0
8 3 0
9 3 0
10 3 0
11 3 0
12 3 0
13 3 0
14 3 0
15 3 0
16 3 0
17 3 0
18 3 0
19 3 0
20 3 0
21 3 0
22 3 0
23 3 0
24 3 0
25 3 0
26 3 0
27 3 0
28 3 0
29 3 0
30 3 0
31 3 0
32 3 0
33 3 0
34 3 0
35 3 0
36 3 0
37 3 0
38 3 0
39 3 0
40 3 0
41 3 0
42 3 0
43 3 0
44 3 0
45 3 0
46 3 0
47 3 0
48 3 0
49 3 0
50 3 0
51 3 0
52 3 0
53 3 0
54 3 0
55 3 0
56 3 0
57 3 0
58 3 0
59 3 0
60 3 0
61 3 0
62 3 0
63 3 0
64 3 0
65 3 0
66 3 0
67 3 0
68 3 0
69 3 0
70 3 0
71 3 0
72 3 0
73 3 0
74 3 0
75 3 0
76 3 0
77 3 0
78 3 0
79 3 0
80 3 0
81 3 0
82 3 0
83 3 0
84 3 0
85 3 0
86 3 0
87 3 0
88 3 0
89 3 0
90 3 0
91 3 0
92 3 0
93 3 0
94 3 0
95 3 0
96 3 0
97 3 0
98 3 0
99 3 0
100 3 0
101 3 0
102 3 0
103 3 0
104 3 0
105 3 0
106 3 0
107 3 0
108 3 0
109 3 0
110 3 0
111 3 0
112 3 0
113 3 0
114 3 0
115 3 0
116 3 0
117 3 0
118 3 0
119 3 0
120 3 0
121 3 0
122 3 0
123 3 0
124 3 0
125 3 0
126 3 0
127 3 0
128 3 0
129 3 0
130 3 0
131 3 0
132 3 0
133 3 0
134 3 0
135 3 0
136 3 0
137 3 0
138 3 0
139 3 0
140 3 0
141 3 0
142 3 0
143 3 0
144 3 0
145 3 0
146 3 0
147 3 0
148 3 0
149 3 0
150 3 0
151 3 0
152 3 0
153 3 0
154 3 0
155 3 0
156 3 0
157 3 0
158 3 0
159 3 0
160 3 0
161 3 0
162 3 0
163 3 0
164 3 0
165 3 0
166 3 0
167 3 0
168 3 0
169 3 0
170 3 0
171 3 0
172 3 0
173 3 0
174 3 0
175 3 0
176 3 0
177 3 0
178 3 0
179 3 0
180 3 0
181 3 0
182 3 0
183 3 0
184 3 0
185 3 0
186 3 0
187 3 0
188 3 0
189 3 0
190 3 0
191 3 0
192 3 0
193 3 0
194 3 0
195 3 0
196 3 0
197 3 0
198 3 0
199 3 0
200 3 0
201 3 0
202 3 0
203 3 0
204 3 0
205 3 0
206 3 0
207 3 0
208 3 0
209 3 0
210 3 0
211 3 0
212 3 0
213 3 0
214 3 0
215 3 0
216 3 0
217 3 0
218 3 0
219 3 0
220 3 0
221 3 0
222 3 0
223 3 0
224 3 0
225 3 0
226 3 0
227 3 0
228 3 0
229 3 0
230 3 0
231 3 0
232 3 0
233 3 0
234 3 0
235 3 0
236 3 0
237 3 0
238 3 0
239 3 0
240 3 0
241 3 0
242 3 0
243 3 0
244 3 0
245 3 0
246 3 0
247 3 0
248 3 0
249 3 0
250 3 0
251 3 0
252 3 0
253 3 0
254 3 0
255 3 0
256 3 0
257 3 0
258 3 0
259 3 0
260 3 0
261 3 0
262 3 0
263 3 0
264 3 0
265 3 0
266 3 0
267 3 0
268 3 0
269 3 0
270 3 0
271 3 0
272 3 0
273 3 0
274 3 0
275 3 0
276 3 0
277 3 0
278 3 0
279 3 0
280 3 0
281 3 0
282 3 0
283 3 0
284 3 0
285 3 0
286 3 0
287 3 0
288 3 0
289 3 0
290 3 0
291 3 0
292 3 0
293 3 0
294 3 0
295 3 0
296 3 0
297 3 0
298 3 0
299 3 0
300 3 0
301 3 0
302 3 0
303 3 0
304 3 0
305 3 0
306 3 0
307 3 0
308 3 0
309 3 0
310 3 0
311 3 0
312 3 0
313 3 0
314 3 0
315 3 0
316 3 0
317 3 0
318 3 0
319 3 0
320 3 0
321 3 0
322 3 0
323 3 0
324 3 0
325 3 0
326 3 0
327 3 0
328 3 0
329 3 0
330 3 0
331 3 0
332 3 0
333 3 0
334 3 0
335 3 0
336 3 0
337 3 0
338 3 0
339 3 0
340 3 0
341 3 0
342 3 0
343 3 0
344 3 0
345 3 0
346 3 0
347 3 0
348 3 0
349 3 0
350 3 0
351 3 0
352 3 0
353 3 0
354 3 0
355 3 0
356 3 0
357 3 0
358 3 0
359 3 0
360 3 0
361 3 0
362 3 0
363 3 0
364 3 0
365 3 0
366 3 0
367 3 0
368 3 0
369 3 0
370 3 0
371 3 0
372 3 0
373 3 0
374 3 0
375 3 0
376 3 0
377 3 0
378 3 0
379 3 0
380 3 0
381 3 0
382 3 0
383 3 0
384 3 0
385 3 0
386 3 0
387 3 0
388 3 0
389 3 0
390 3 0
391 3 0
392 3 0
393 3 0
394 3 0
395 3 0
396 3 0
397 3 0
398 3 0
399 3 0
400 3 0
401 3 0
402 3 0
403 3 0
404 3 0
405 3 0
406 3 0
407 3 0
408 3 0
409 3 0
410 3 0
411 3 0
412 3 0
413 3 0
414 3 0
415 3 0
416 3 0
417 3 0
418 3 0
419 3 0
420 3 0
421 3 0
422 3 0
423 3 0
424 3 0
425 3 0
426 3 0
427 3 0
428 3 0
429 3 0
430 3 0
431 3 0
432 3 0
433 3 0
434 3 0
435 3 0
436 3 0
437 3 0
438 3 0
439 3 0
440 3 0
441 3 0
442 3 0
443 3 0
444 3 0
445 3 0
446 3 0
447 3 0
448 3 0
449 3 0
450 3 0
451 3 0
452 3 0
453 3 0
454 3 0
455 3 0
456 3 0
457 3 0
458 3 0
459 3 0
460 3 0
461 3 0
462 3 0
463 3 0
464 3 0
465 3 0
466 3 0
467 3 0
468 3 0
469 3 0
470 3 0
471 3 0
472 3 0
473 3 0
474 3 0
475 3 0
476 3 0
477 3 0
478 3 0
479 3 0
480 3 0
481 3 0
482 3 0
483 3 0
484 3 0
485 3 0
486 3 0
487 3 0
488 3 0
489 3 0
490 3 0
491 3 0
492 3 0
493 3 0
494 3 0
495 3 0
496 3 0
497 3 0
498 3 0
499 3 0
500 3 0
501 3 0
502 3 0
503 3 0
504 3 0
505 3 0
506 3 0
507 3 0
508 3 0
509 3 0
510 3 0
511 3 0
512 3 0
513 3 0
514 3 0
515 3 0
516 3 0
517 3 0
518 3 0
519 3 0
520 3 0
521 3 0
522 3 0
523 3 0
524 3 0
525 3 0
526 3 0
527 3 0
528 3 0
529 3 0
530 3 0
531 3 0
532 3 0
533 3 0
534 3 0
535 3 0
536 3 0
537 3 0
538 3 0
539 3 0
540 3 0
541 3 0
542 3 0
543 3 0
544 3 0
545 3 0
546 3 0
547 3 0
548 3 0
549 3 0
550 3 0
551 3 0
552 0 -1194.6734189987183
553 0 -1194.6734189987183
554 0 -1194.6734189987183
555 0 -1194.6734189987183
556 0 -1194.6734189987183
557 0 -1194.6734189987183
558 0 -1194.6734189987183
559 0 -1194.6734189987183
560 0 -1286.4861488342285
561 0 -1286.4861488342285
562 0 -1286.4861488342285
563 0 -1286.4861488342285
564 0 -1286.4861488342285
565 0 -1286.4861488342285
566 0 -1286.4861488342285
567 0 -1286.4861488342285
568 0 -1112.8100752830505
569 0 -1112.8100752830505
570 0 -1112.8100752830505
571 0 -1112.8100752830505
572 0 -1112.8100752830505
573 0 -1112.8100752830505
574 0 -1112.8100752830505
575 0 -1112.8100752830505
576 0 -881.8361163139343
577 0 -881.8361163139343
578 0 -881.8361163139343
579 0 -881.8361163139343
580 0 -881.8361163139343
581 0 -881.8361163139343
582 0 -881.8361163139343
583 0 -881.8361163139343
584 0 -977.542519569397
585 0 -977.542519569397
586 0 -977.542519569397
587 0 -977.542519569397
588 0 -977.542519569397
589 0 -977.542519569397
590 0 -977.542519569397
591 0 -977.542519569397
592 0 -919.5073843002319
593 0 -919.5073843002319
594 0 -919.5073843002319
595 0 -919.5073843002319
596 0 -919.5073843002319
597 0 -919.5073843002319
598 0 -919.5073843002319
599 0 -919.5073843002319
600 0 -950.0990509986877
601 0 -950.0990509986877
602 0 -950.0990509986877
603 0 -950.0990509986877
604 0 -950.0990509986877
605 0 -950.0990509986877
606 0 -950.0990509986877
607 0 -950.0990509986877
608 0 -920.2753901481628
609 0 -920.2753901481628
610 0 -920.2753901481628
611 0 -920.2753901481628
612 0 -920.2753901481628
613 0 -920.2753901481628
614 0 -920.2753901481628
615 0 -920.2753901481628
616 0 -958.5962891578674
617 0 -958.5962891578674
618 0 -958.5962891578674
619 0 -958.5962891578674
620 0 -958.5962891578674
621 0 -958.5962891578674
622 0 -958.5962891578674
623 0 -958.5962891578674
624 0 -934.3812167644501
625 0 -934.3812167644501
626 0 -934.3812167644501
627 0 -934.3812167644501
628 0 -934.3812167644501
629 0 -934.3812167644501
630 0 -934.3812167644501
631 0 -934.3812167644501
632 0 -910.7917249202728
633 0 -910.7917249202728
634 0 -910.7917249202728
635 0 -910.7917249202728
636 0 -910.7917249202728
637 0 -910.7917249202728
638 0 -910.7917249202728
639 0 -910.7917249202728
640 0 -1013.668030500412
641 0 -1013.668030500412
642 0 -1013.668030500412
643 0 -1013.668030500412
644 0 -1013.668030500412
645 0 -1013.668030500412
646 0 -1013.668030500412
647 0 -1013.668030500412
648 0 -967.4879014492035
649 0 -967.4879014492035
650 0 -967.4879014492035
651 0 -967.4879014492035
652 0 -967.4879014492035
653 0 -967.4879014492035
654 0 -967.4879014492035
655 0 -967.4879014492035
656 0 -934.6647262573242
657 0 -934.6647262573242
658 0 -934.6647262573242
659 0 -934.6647262573242
660 0 -934.6647262573242
661 0 -934.6647262573242
662 0 -934.6647262573242
663 0 -934.6647262573242
664 0 -977.7263402938843
665 0 -977.7263402938843
666 0 -977.7263402938843
667 0 -977.7263402938843
668 0 -977.7263402938843
669 0 -977.7263402938843
670 0 -977.7263402938843
671 0 -977.7263402938843
672 0 -916.3296818733215
673 0 -916.3296818733215
674 0 -916.3296818733215
675 0 -916.3296818733215
676 0 -916.3296818733215
677 0 -916.3296818733215
678 0 -916.3296818733215
679 0 -916.3296818733215
680 0 -1057.7839314937592
681 0 -1057.7839314937592
682 0 -1057.7839314937592
683 0 -1057.7839314937592
684 0 -1057.7839314937592
685 0 -1057.7839314937592
686 0 -1057.7839314937592
687 0 -1057.7839314937592
688 0 -1348.2508957386017
689 0 -1348.2508957386017
690 0 -1348.2508957386017
691 0 -1348.2508957386017
692 0 -1348.2508957386017
693 0 -1348.2508957386017
694 0 -1348.2508957386017
695 0 -1348.2508957386017
696 0 -942.6783621311188
697 0 -942.6783621311188
698 0 -942.6783621311188
699 0 -942.6783621311188
700 0 -942.6783621311188
701 0 -942.6783621311188
702 0 -942.6783621311188
703 0 -942.6783621311188
704 0 -930.5242002010345
705 0 -930.5242002010345
706 0 -930.5242002010345
707 0 -930.5242002010345
708 0 -930.5242002010345
709 0 -930.5242002010345
710 0 -930.5242002010345
711 0 -930.5242002010345
712 0 -935.7677400112152
713 0 -935.7677400112152
714 0 -935.7677400112152
715 0 -935.7677400112152
716 0 -935.7677400112152
717 0 -935.7677400112152
718 0 -935.7677400112152
719 0 -935.7677400112152
720 0 -982.2178781032562
721 0 -982.2178781032562
722 0 -982.2178781032562
723 0 -982.2178781032562
724 0 -982.2178781032562
725 0 -982.2178781032562
726 0 -982.2178781032562
727 0 -982.2178781032562
728 0 -1197.9991793632507
729 0 -1197.9991793632507
730 0 -1197.9991793632507
731 0 -1197.9991793632507
732 0 -1197.9991793632507
733 0 -1197.9991793632507
734 0 -1197.9991793632507
735 0 -1197.9991793632507
736 0 -1050.1769185066223
737 0 -1050.1769185066223
738 0 -1050.1769185066223
739 0 -1050.1769185066223
740 0 -1050.1769185066223
741 0 -1050.1769185066223
742 0 -1050.1769185066223
743 0 -1050.1769185066223
744 0 -1219.6028530597687
745 0 -1219.6028530597687
746 0 -1219.6028530597687
747 0 -1219.6028530597687
748 0 -1219.6028530597687
749 0 -1219.6028530597687
750 0 -1219.6028530597687
751 0 -1219.6028530597687
752 0 -1090.6248092651367
753 0 -1090.6248092651367
754 0 -1090.6248092651367
755 0 -1090.6248092651367
756 0 -1090.6248092651367
757 0 -1090.6248092651367
758 0 -1090.6248092651367
759 0 -1090.6248092651367
760 0 -922.660768032074
761 0 -922.660768032074
762 0 -922.660768032074
763 0 -922.660768032074
764 0 -922.660768032074
765 0 -922.660768032074
766 0 -922.660768032074
767 0 -922.660768032074
768 0 -1034.171462059021
769 0 -1034.171462059021
770 0 -1034.171462059021
771 0 -1034.171462059021
772 0 -1034.171462059021
773 0 -1034.171462059021
774 0 -1034.171462059021
775 0 -1034.171462059021
776 0 -1107.5202226638794
777 0 -1107.5202226638794
778 0 -1107.5202226638794
779 0 -1107.5202226638794
780 0 -1107.5202226638794
781 0 -1107.5202226638794
782 0 -1107.5202226638794
783 0 -1107.5202226638794
784 0 -1095.2817499637604
785 0 -1095.2817499637604
786 0 -1095.2817499637604
787 0 -1095.2817499637604
788 0 -1095.2817499637604
789 0 -1095.2817499637604
790 0 -1095.2817499637604
791 0 -1095.2817499637604
792 0 -972.3567366600037
793 0 -972.3567366600037
794 0 -972.3567366600037
795 0 -972.3567366600037
796 0 -972.3567366600037
797 0 -972.3567366600037
798 0 -972.3567366600037
799 0 -972.3567366600037
800 0 -945.8432793617249
801 0 -945.8432793617249
802 0 -945.8432793617249
803 0 -945.8432793617249
804 0 -945.8432793617249
805 0 -945.8432793617249
806 0 -945.8432793617249
807 0 -945.8432793617249
808 0 -969.7285294532776
809 0 -969.7285294532776
810 0 -969.7285294532776
811 0 -969.7285294532776
812 0 -969.7285294532776
813 0 -969.7285294532776
814 0 -969.7285294532776
815 0 -969.7285294532776
816 0 -922.9554533958435
817 0 -922.9554533958435
818 0 -922.9554533958435
819 0 -922.9554533958435
820 0 -922.9554533958435
821 0 -922.9554533958435
822 0 -922.9554533958435
823 0 -922.9554533958435
824 0 -995.4817593097687
825 0 -995.4817593097687
826 0 -995.4817593097687
827 0 -995.4817593097687
828 0 -995.4817593097687
829 0 -995.4817593097687
830 0 -995.4817593097687
831 0 -995.4817593097687
832 0 -912.1752083301544
833 0 -912.1752083301544
834 0 -912.1752083301544
835 0 -912.1752083301544
836 0 -912.1752083301544
837 0 -912.1752083301544
838 0 -912.1752083301544
839 0 -912.1752083301544
840 0 -986.1040413379669
841 0 -986.1040413379669
842 0 -986.1040413379669
843 0 -986.1040413379669
844 0 -986.1040413379669
845 0 -986.1040413379669
846 0 -986.1040413379669
847 0 -986.1040413379669
848 0 -915.8692359924316
849 0 -915.8692359924316
850 0 -915.8692359924316
851 0 -915.8692359924316
852 0 -915.8692359924316
853 0 -915.8692359924316
854 0 -915.8692359924316
855 0 -915.8692359924316
856 0 -1044.17484998703
857 0 -1044.17484998703
858 0 -1044.17484998703
859 0 -1044.17484998703
860 0 -1044.17484998703
861 0 -1044.17484998703
862 0 -1044.17484998703
863 0 -1044.17484998703
864 0 -929.6908378601074
865 0 -929.6908378601074
866 0 -929.6908378601074
867 0 -929.6908378601074
868 0 -929.6908378601074
869 0 -929.6908378601074
870 0 -929.6908378601074
871 0 -929.6908378601074
872 0 -898.3989357948303
873 0 -898.3989357948303
874 0 -898.3989357948303
875 0 -898.3989357948303
876 0 -898.3989357948303
877 0 -898.3989357948303
878 0 -898.3989357948303
879 0 -898.3989357948303
880 0 -1094.4064557552338
881 0 -1094.4064557552338
882 0 -1094.4064557552338
883 0 -1094.4064557552338
884 0 -1094.4064557552338
885 0 -1094.4064557552338
886 0 -1094.4064557552338
887 0 -1094.4064557552338
888 0 -921.5052723884583
889 0 -921.5052723884583
890 0 -921.5052723884583
891 0 -921.5052723884583
892 0 -921.5052723884583
893 0 -921.5052723884583
894 0 -921.5052723884583
895 0 -921.5052723884583
896 0 -926.6358017921448
897 0 -926.6358017921448
898 0 -926.6358017921448
899 0 -926.6358017921448
900 0 -926.6358017921448
901 0 -926.6358017921448
902 0 -926.6358017921448
903 0 -926.6358017921448
904 0 -1136.0660791397095
905 0 -1136.0660791397095
906 0 -1136.0660791397095
907 0 -1136.0660791397095
908 0 -1136.0660791397095
909 0 -1136.0660791397095
910 0 -1136.0660791397095
911 0 -1136.0660791397095
912 0 -1013.8692855834961
913 0 -1013.8692855834961
914 0 -1013.8692855834961
915 0 -1013.8692855834961
916 0 -1013.8692855834961
917 0 -1013.8692855834961
918 0 -1013.8692855834961
919 0 -1013.8692855834961
920 0 -909.0455174446106
921 0 -909.0455174446106
922 0 -909.0455174446106
923 0 -909.0455174446106
924 0 -909.0455174446106
925 0 -909.0455174446106
926 0 -909.0455174446106
927 0 -909.0455174446106
928 0 -905.156672000885
929 0 -905.156672000885
930 0 -905.156672000885
931 0 -905.156672000885
932 0 -905.156672000885
933 0 -905.156672000885
934 0 -905.156672000885
935 0 -905.156672000885
936 0 -877.0453333854675
937 0 -877.0453333854675
938 0 -877.0453333854675
939 0 -877.0453333854675
940 0 -877.0453333854675
941 0 -877.0453333854675
942 0 -877.0453333854675
943 0 -877.0453333854675
944 0 -1021.886944770813
945 0 -1021.886944770813
946 0 -1021.886944770813
947 0 -1021.886944770813
948 0 -1021.886944770813
949 0 -1021.886944770813
950 0 -1021.886944770813
951 0 -1021.886944770813
952 0 -959.9830806255341
953 0 -959.9830806255341
954 0 -959.9830806255341
955 0 -959.9830806255341
956 0 -959.9830806255341
957 0 -959.9830806255341
958 0 -959.9830806255341
959 0 -959.9830806255341
960 0 -1099.0967452526093
961 0 -1099.0967452526093
962 0 -1099.0967452526093
963 0 -1099.0967452526093
964 0 -1099.0967452526093
965 0 -1099.0967452526093
966 0 -1099.0967452526093
967 0 -1099.0967452526093
968 0 -1055.0578236579895
969 0 -1055.0578236579895
970 0 -1055.0578236579895
971 0 -1055.0578236579895
972 0 -1055.0578236579895
973 0 -1055.0578236579895
974 0 -1055.0578236579895
975 0 -1055.0578236579895
976 0 -1089.1867876052856
977 0 -1089.1867876052856
978 0 -1089.1867876052856
979 0 -1089.1867876052856
980 0 -1089.1867876052856
981 0 -1089.1867876052856
982 0 -1089.1867876052856
983 0 -1089.1867876052856
984 0 -1140.6272649765015
985 0 -1140.6272649765015
986 0 -1140.6272649765015
987 0 -1140.6272649765015
988 0 -1140.6272649765015
989 0 -1140.6272649765015
990 0 -1140.6272649765015
991 0 -1140.6272649765015
992 0 -916.9241487979889
993 0 -916.9241487979889
994 0 -916.9241487979889
995 0 -916.9241487979889
996 0 -916.9241487979889
997 0 -916.9241487979889
998 0 -916.9241487979889
999 0 -916.9241487979889
1000 0 -979.586273431778
