1 0 0
2 0 0
3 0 0
4 0 0
5 0 0
6 0 0
7 0 0
8 0 -1648.598849773407
9 0 -1648.598849773407
10 0 -1648.598849773407
11 0 -1648.598849773407
12 0 -1648.598849773407
13 0 -1648.598849773407
14 0 -1648.598849773407
15 0 -1648.598849773407
16 0 -1801.484227180481
17 0 -1801.484227180481
18 0 -1801.484227180481
19 0 -1801.484227180481
20 0 -1801.484227180481
21 0 -1801.484227180481
22 0 -1801.484227180481
23 0 -1801.484227180481
24 0 -1645.6568241119385
25 0 -1645.6568241119385
26 0 -1645.6568241119385
27 0 -1645.6568241119385
28 0 -1645.6568241119385
29 0 -1645.6568241119385
30 0 -1645.6568241119385
31 0 -1645.6568241119385
32 0 -1724.5883345603943
33 0 -1724.5883345603943
34 0 -1724.5883345603943
35 0 -1724.5883345603943
36 0 -1724.5883345603943
37 0 -1724.5883345603943
38 0 -1724.5883345603943
39 0 -1724.5883345603943
40 0 -1503.6397576332092
41 0 -1503.6397576332092
42 0 -1503.6397576332092
43 0 -1503.6397576332092
44 0 -1503.6397576332092
45 0 -1503.6397576332092
46 0 -1503.6397576332092
47 0 -1503.6397576332092
48 0 -1483.6042821407318
49 0 -1483.6042821407318
50 0 -1483.6042821407318
51 0 -1483.6042821407318
52 0 -1483.6042821407318
53 0 -1483.6042821407318
54 0 -1483.6042821407318
55 0 -1483.6042821407318
56 0 -1269.6104943752289
57 0 -1269.6104943752289
58 0 -1269.6104943752289
59 0 -1269.6104943752289
60 0 -1269.6104943752289
61 0 -1269.6104943752289
62 0 -1269.6104943752289
63 0 -1269.6104943752289
64 0 -1535.8772277832031
65 0 -1535.8772277832031
66 0 -1535.8772277832031
67 0 -1535.8772277832031
68 0 -1535.8772277832031
69 0 -1535.8772277832031
70 0 -1535.8772277832031
71 0 -1535.8772277832031
72 0 -1522.5727558135986
73 0 -1522.5727558135986
74 0 -1522.5727558135986
75 0 -1522.5727558135986
76 0 -1522.5727558135986
77 0 -1522.5727558135986
78 0 -1522.5727558135986
79 0 -1522.5727558135986
80 0 -1767.4224972724915
81 0 -1767.4224972724915
82 0 -1767.4224972724915
83 0 -1767.4224972724915
84 0 -1767.4224972724915
85 0 -1767.4224972724915
86 0 -1767.4224972724915
87 0 -1767.4224972724915
88 0 -1802.331268787384
89 0 -1802.331268787384
90 0 -1802.331268787384
91 0 -1802.331268787384
92 0 -1802.331268787384
93 0 -1802.331268787384
94 0 -1802.331268787384
95 0 -1802.331268787384
96 0 -1995.240569114685
97 0 -1995.240569114685
98 0 -1995.240569114685
99 0 -1995.240569114685
100 0 -1995.240569114685
101 0 -1995.240569114685
102 0 -1995.240569114685
103 0 -1995.240569114685
104 0 -2129.889965057373
105 0 -2129.889965057373
106 0 -2129.889965057373
107 0 -2129.889965057373
108 0 -2129.889965057373
109 0 -2129.889965057373
110 0 -2129.889965057373
111 0 -2129.889965057373
112 0 -1895.6040143966675
113 0 -1895.6040143966675
114 0 -1895.6040143966675
115 0 -1895.6040143966675
116 0 -1895.6040143966675
117 0 -1895.6040143966675
118 0 -1895.6040143966675
119 0 -1895.6040143966675
120 0 -1956.217646598816
121 0 -1956.217646598816
122 0 -1956.217646598816
123 0 -1956.217646598816
124 0 -1956.217646598816
125 0 -1956.217646598816
126 0 -1956.217646598816
127 0 -1956.217646598816
128 0 -1924.4792461395264
129 0 -1924.4792461395264
130 0 -1924.4792461395264
131 0 -1924.4792461395264
132 0 -1924.4792461395264
133 0 -1924.4792461395264
134 0 -1924.4792461395264
135 0 -1924.4792461395264
136 0 -2170.3473329544067
137 0 -2170.3473329544067
138 0 -2170.3473329544067
139 0 -2170.3473329544067
140 0 -2170.3473329544067
141 0 -2170.3473329544067
142 0 -2170.3473329544067
143 0 -2170.3473329544067
144 0 -2174.80731010437
145 0 -2174.80731010437
146 0 -2174.80731010437
147 0 -2174.80731010437
148 0 -2174.80731010437
149 0 -2174.80731010437
150 0 -2174.80731010437
151 0 -2174.80731010437
152 0 -1846.6930389404297
153 0 -1846.6930389404297
154 0 -1846.6930389404297
155 0 -1846.6930389404297
156 0 -1846.6930389404297
157 0 -1846.6930389404297
158 0 -1846.6930389404297
159 0 -1846.6930389404297
160 0 -1919.1856384277344
161 0 -1919.1856384277344
162 0 -1919.1856384277344
163 0 -1919.1856384277344
164 0 -1919.1856384277344
165 0 -1919.1856384277344
166 0 -1919.1856384277344
167 0 -1919.1856384277344
168 0 -2069.795787334442
169 0 -2069.795787334442
170 0 -2069.795787334442
171 0 -2069.795787334442
172 0 -2069.795787334442
173 0 -2069.795787334442
174 0 -2069.795787334442
175 0 -2069.795787334442
176 0 -2019.567847251892
177 0 -2019.567847251892
178 0 -2019.567847251892
179 0 -2019.567847251892
180 0 -2019.567847251892
181 0 -2019.567847251892
182 0 -2019.567847251892
183 0 -2019.567847251892
184 0 -1799.5650172233582
185 0 -1799.5650172233582
186 0 -1799.5650172233582
187 0 -1799.5650172233582
188 0 -1799.5650172233582
189 0 -1799.5650172233582
190 0 -1799.5650172233582
191 0 -1799.5650172233582
192 0 -1918.3343052864075
193 0 -1918.3343052864075
194 0 -1918.3343052864075
195 0 -1918.3343052864075
196 0 -1918.3343052864075
197 0 -1918.3343052864075
198 0 -1918.3343052864075
199 0 -1918.3343052864075
200 0 -2139.4325494766235
201 0 -2139.4325494766235
202 0 -2139.4325494766235
203 0 -2139.4325494766235
204 0 -2139.4325494766235
205 0 -2139.4325494766235
206 0 -2139.4325494766235
207 0 -2139.4325494766235
208 0 -2084.6493244171143
209 0 -2084.6493244171143
210 0 -2084.6493244171143
211 0 -2084.6493244171143
212 0 -2084.6493244171143
213 0 -2084.6493244171143
214 0 -2084.6493244171143
215 0 -2084.6493244171143
216 0 -2187.040686607361
217 0 -2187.040686607361
218 0 -2187.040686607361
219 0 -2187.040686607361
220 0 -2187.040686607361
221 0 -2187.040686607361
222 0 -2187.040686607361
223 0 -2187.040686607361
224 0 -1971.3925123214722
225 0 -1971.3925123214722
226 0 -1971.3925123214722
227 0 -1971.3925123214722
228 0 -1971.3925123214722
229 0 -1971.3925123214722
230 0 -1971.3925123214722
231 0 -1971.3925123214722
232 0 -1974.8164415359497
233 0 -1974.8164415359497
234 0 -1974.8164415359497
235 0 -1974.8164415359497
236 0 -1974.8164415359497
237 0 -1974.8164415359497
238 0 -1974.8164415359497
239 0 -1974.8164415359497
240 0 -2334.7681760787964
241 0 -2334.7681760787964
242 0 -2334.7681760787964
243 0 -2334.7681760787964
244 0 -2334.7681760787964
245 0 -2334.7681760787964
246 0 -2334.7681760787964
247 0 -2334.7681760787964
248 0 -2122.271239757538
249 0 -2122.271239757538
250 0 -2122.271239757538
251 0 -2122.271239757538
252 0 -2122.271239757538
253 0 -2122.271239757538
254 0 -2122.271239757538
255 0 -2122.271239757538
256 0 -2093.1283235549927
257 0 -2093.1283235549927
258 0 -2093.1283235549927
259 0 -2093.1283235549927
260 0 -2093.1283235549927
261 0 -2093.1283235549927
262 0 -2093.1283235549927
263 0 -2093.1283235549927
264 0 -1641.9450044631958
265 0 -1641.9450044631958
266 0 -1641.9450044631958
267 0 -1641.9450044631958
268 0 -1641.9450044631958
269 0 -1641.9450044631958
270 0 -1641.9450044631958
271 0 -1641.9450044631958
272 0 -2147.895634174347
273 0 -2147.895634174347
274 0 -2147.895634174347
275 0 -2147.895634174347
276 0 -2147.895634174347
277 0 -2147.895634174347
278 0 -2147.895634174347
279 0 -2147.895634174347
280 0 -1859.6044778823853
281 0 -1859.6044778823853
282 0 -1859.6044778823853
283 0 -1859.6044778823853
284 0 -1859.6044778823853
285 0 -1859.6044778823853
286 0 -1859.6044778823853
287 0 -1859.6044778823853
288 0 -1934.8808526992798
289 0 -1934.8808526992798
290 0 -1934.8808526992798
291 0 -1934.8808526992798
292 0 -1934.8808526992798
293 0 -1934.8808526992798
294 0 -1934.8808526992798
295 0 -1934.8808526992798
296 0 -1978.1938791275024
297 0 -1978.1938791275024
298 0 -1978.1938791275024
299 0 -1978.1938791275024
300 0 -1978.1938791275024
301 0 -1978.1938791275024
302 0 -1978.1938791275024
303 0 -1978.1938791275024
304 0 -2078.0986547470093
305 0 -2078.0986547470093
306 0 -2078.0986547470093
307 0 -2078.0986547470093
308 0 -2078.0986547470093
309 0 -2078.0986547470093
310 0 -2078.0986547470093
311 0 -2078.0986547470093
312 0 -1666.212558746338
313 0 -1666.212558746338
314 0 -1666.212558746338
315 0 -1666.212558746338
316 0 -1666.212558746338
317 0 -1666.212558746338
318 0 -1666.212558746338
319 0 -1666.212558746338
320 0 -1959.2185020446777
321 0 -1959.2185020446777
322 0 -1959.2185020446777
323 0 -1959.2185020446777
324 0 -1959.2185020446777
325 0 -1959.2185020446777
326 0 -1959.2185020446777
327 0 -1959.2185020446777
328 0 -1684.96173620224
329 0 -1684.96173620224
330 0 -1684.96173620224
331 0 -1684.96173620224
332 0 -1684.96173620224
333 0 -1684.96173620224
334 0 -1684.96173620224
335 0 -1684.96173620224
336 0 -1548.7831234931946
337 0 -1548.7831234931946
338 0 -1548.7831234931946
339 0 -1548.7831234931946
340 0 -1548.7831234931946
341 0 -1548.7831234931946
342 0 -1548.7831234931946
343 0 -1548.7831234931946
344 0 -1965.0388956069946
345 0 -1965.0388956069946
346 0 -1965.0388956069946
347 0 -1965.0388956069946
348 0 -1965.0388956069946
349 0 -1965.0388956069946
350 0 -1965.0388956069946
351 0 -1965.0388956069946
352 0 -1731.58460855484
353 0 -1731.58460855484
354 0 -1731.58460855484
355 0 -1731.58460855484
356 0 -1731.58460855484
357 0 -1731.58460855484
358 0 -1731.58460855484
359 0 -1731.58460855484
360 0 -1631.2687397003174
361 0 -1631.2687397003174
362 0 -1631.2687397003174
363 0 -1631.2687397003174
364 0 -1631.2687397003174
365 0 -1631.2687397003174
366 0 -1631.2687397003174
367 0 -1631.2687397003174
368 0 -1703.6597728729248
369 0 -1703.6597728729248
370 0 -1703.6597728729248
371 0 -1703.6597728729248
372 0 -1703.6597728729248
373 0 -1703.6597728729248
374 0 -1703.6597728729248
375 0 -1703.6597728729248
376 0 -1918.8818335533142
377 0 -1918.8818335533142
378 0 -1918.8818335533142
379 0 -1918.8818335533142
380 0 -1918.8818335533142
381 0 -1918.8818335533142
382 0 -1918.8818335533142
383 0 -1918.8818335533142
384 0 -2224.932610988617
385 0 -2224.932610988617
386 0 -2224.932610988617
387 0 -2224.932610988617
388 0 -2224.932610988617
389 0 -2224.932610988617
390 0 -2224.932610988617
391 0 -2224.932610988617
392 0 -1592.7520394325256
393 0 -1592.7520394325256
394 0 -1592.7520394325256
395 0 -1592.7520394325256
396 0 -1592.7520394325256
397 0 -1592.7520394325256
398 0 -1592.7520394325256
399 0 -1592.7520394325256
400 0 -1925.7293343544006
401 0 -1925.7293343544006
402 0 -1925.7293343544006
403 0 -1925.7293343544006
404 0 -1925.7293343544006
405 0 -1925.7293343544006
406 0 -1925.7293343544006
407 0 -1925.7293343544006
408 0 -1635.7499957084656
409 0 -1635.7499957084656
410 0 -1635.7499957084656
411 0 -1635.7499957084656
412 0 -1635.7499957084656
413 0 -1635.7499957084656
414 0 -1635.7499957084656
415 0 -1635.7499957084656
416 0 -1499.101459980011
417 0 -1499.101459980011
418 0 -1499.101459980011
419 0 -1499.101459980011
420 0 -1499.101459980011
421 0 -1499.101459980011
422 0 -1499.101459980011
423 0 -1499.101459980011
424 0 -1704.0059566497803
425 0 -1704.0059566497803
426 0 -1704.0059566497803
427 0 -1704.0059566497803
428 0 -1704.0059566497803
429 0 -1704.0059566497803
430 0 -1704.0059566497803
431 0 -1704.0059566497803
432 0 -1916.2895679473877
433 0 -1916.2895679473877
434 0 -1916.2895679473877
435 0 -1916.2895679473877
436 0 -1916.2895679473877
437 0 -1916.2895679473877
438 0 -1916.2895679473877
439 0 -1916.2895679473877
440 0 -1659.0524911880493
441 0 -1659.0524911880493
442 0 -1659.0524911880493
443 0 -1659.0524911880493
444 0 -1659.0524911880493
445 0 -1659.0524911880493
446 0 -1659.0524911880493
447 0 -1659.0524911880493
448 0 -1532.1682691574097
449 0 -1532.1682691574097
450 0 -1532.1682691574097
451 0 -1532.1682691574097
452 0 -1532.1682691574097
453 0 -1532.1682691574097
454 0 -1532.1682691574097
455 0 -1532.1682691574097
456 0 -1723.8684296607971
457 0 -1723.8684296607971
458 0 -1723.8684296607971
459 0 -1723.8684296607971
460 0 -1723.8684296607971
461 0 -1723.8684296607971
462 0 -1723.8684296607971
463 0 -1723.8684296607971
464 0 -1837.7578854560852
465 0 -1837.7578854560852
466 0 -1837.7578854560852
467 0 -1837.7578854560852
468 0 -1837.7578854560852
469 0 -1837.7578854560852
470 0 -1837.7578854560852
471 0 -1837.7578854560852
472 0 -1609.4892024993896
473 0 -1609.4892024993896
474 0 -1609.4892024993896
475 0 -1609.4892024993896
476 0 -1609.4892024993896
477 0 -1609.4892024993896
478 0 -1609.4892024993896
479 0 -1609.4892024993896
480 0 -2142.7236199378967
481 0 -2142.7236199378967
482 0 -2142.7236199378967
483 0 -2142.7236199378967
484 0 -2142.7236199378967
485 0 -2142.7236199378967
486 0 -2142.7236199378967
487 0 -2142.7236199378967
488 0 -1866.5703535079956
489 0 -1866.5703535079956
490 0 -1866.5703535079956
491 0 -1866.5703535079956
492 0 -1866.5703535079956
493 0 -1866.5703535079956
494 0 -1866.5703535079956
495 0 -1866.5703535079956
496 0 -1808.2187175750732
497 0 -1808.2187175750732
498 0 -1808.2187175750732
499 0 -1808.2187175750732
500 0 -1808.2187175750732
501 0 -1808.2187175750732
502 0 -1808.2187175750732
503 0 -1808.2187175750732
504 0 -1534.3555212020874
505 0 -1534.3555212020874
506 0 -1534.3555212020874
507 0 -1534.3555212020874
508 0 -1534.3555212020874
509 0 -1534.3555212020874
510 0 -1534.3555212020874
511 0 -1534.3555212020874
512 0 -1434.5068037509918
513 0 -1434.5068037509918
514 0 -1434.5068037509918
515 0 -1434.5068037509918
516 0 -1434.5068037509918
517 0 -1434.5068037509918
518 0 -1434.5068037509918
519 0 -1434.5068037509918
520 0 -1556.7405223846436
521 0 -1556.7405223846436
522 0 -1556.7405223846436
523 0 -1556.7405223846436
524 0 -1556.7405223846436
525 0 -1556.7405223846436
526 0 -1556.7405223846436
527 0 -1556.7405223846436
528 0 -1617.7167892456055
529 0 -1617.7167892456055
530 0 -1617.7167892456055
531 0 -1617.7167892456055
532 0 -1617.7167892456055
533 0 -1617.7167892456055
534 0 -1617.7167892456055
535 0 -1617.7167892456055
536 0 -1469.2265689373016
537 0 -1469.2265689373016
538 0 -1469.2265689373016
539 0 -1469.2265689373016
540 0 -1469.2265689373016
541 0 -1469.2265689373016
542 0 -1469.2265689373016
543 0 -1469.2265689373016
544 0 -1655.8914184570312
545 0 -1655.8914184570312
546 0 -1655.8914184570312
547 0 -1655.8914184570312
548 0 -1655.8914184570312
549 0 -1655.8914184570312
550 0 -1655.8914184570312
551 0 -1655.8914184570312
552 0 -1888.3577585220337
553 0 -1888.3577585220337
554 0 -1888.3577585220337
555 0 -1888.3577585220337
556 0 -1888.3577585220337
557 0 -1888.3577585220337
558 0 -1888.3577585220337
559 0 -1888.3577585220337
560 0 -1815.3280019760132
561 0 -1815.3280019760132
562 0 -1815.3280019760132
563 0 -1815.3280019760132
564 0 -1815.3280019760132
565 0 -1815.3280019760132
566 0 -1815.3280019760132
567 0 -1815.3280019760132
568 0 -1632.9225897789001
569 0 -1632.9225897789001
570 0 -1632.9225897789001
571 0 -1632.9225897789001
572 0 -1632.9225897789001
573 0 -1632.9225897789001
574 0 -1632.9225897789001
575 0 -1632.9225897789001
576 0 -1776.0225534439087
577 0 -1776.0225534439087
578 0 -1776.0225534439087
579 0 -1776.0225534439087
580 0 -1776.0225534439087
581 0 -1776.0225534439087
582 0 -1776.0225534439087
583 0 -1776.0225534439087
584 0 -1358.9587211608887
585 0 -1358.9587211608887
586 0 -1358.9587211608887
587 0 -1358.9587211608887
588 0 -1358.9587211608887
589 0 -1358.9587211608887
590 0 -1358.9587211608887
591 0 -1358.9587211608887
592 0 -1391.2061154842377
593 0 -1391.2061154842377
594 0 -1391.2061154842377
595 0 -1391.2061154842377
596 0 -1391.2061154842377
597 0 -1391.2061154842377
598 0 -1391.2061154842377
599 0 -1391.2061154842377
600 0 -1530.3833484649658
601 0 -1530.3833484649658
602 0 -1530.3833484649658
603 0 -1530.3833484649658
604 0 -1530.3833484649658
605 0 -1530.3833484649658
606 0 -1530.3833484649658
607 0 -1530.3833484649658
608 0 -1881.2804818153381
609 0 -1881.2804818153381
610 0 -1881.2804818153381
611 0 -1881.2804818153381
612 0 -1881.2804818153381
613 0 -1881.2804818153381
614 0 -1881.2804818153381
615 0 -1881.2804818153381
616 0 -1799.6242046356201
617 0 -1799.6242046356201
618 0 -1799.6242046356201
619 0 -1799.6242046356201
620 0 -1799.6242046356201
621 0 -1799.6242046356201
622 0 -1799.6242046356201
623 0 -1799.6242046356201
624 0 -1961.0880017280579
625 0 -1961.0880017280579
626 0 -1961.0880017280579
627 0 -1961.0880017280579
628 0 -1961.0880017280579
629 0 -1961.0880017280579
630 0 -1961.0880017280579
631 0 -1961.0880017280579
632 0 -1900.0747203826904
633 0 -1900.0747203826904
634 0 -1900.0747203826904
635 0 -1900.0747203826904
636 0 -1900.0747203826904
637 0 -1900.0747203826904
638 0 -1900.0747203826904
639 0 -1900.0747203826904
640 0 -1894.615352153778
641 0 -1894.615352153778
642 0 -1894.615352153778
643 0 -1894.615352153778
644 0 -1894.615352153778
645 0 -1894.615352153778
646 0 -1894.615352153778
647 0 -1894.615352153778
648 0 -2131.9252252578735
649 0 -2131.9252252578735
650 0 -2131.9252252578735
651 0 -2131.9252252578735
652 0 -2131.9252252578735
653 0 -2131.9252252578735
654 0 -2131.9252252578735
655 0 -2131.9252252578735
656 0 -2032.4138402938843
657 0 -2032.4138402938843
658 0 -2032.4138402938843
659 0 -2032.4138402938843
660 0 -2032.4138402938843
661 0 -2032.4138402938843
662 0 -2032.4138402938843
663 0 -2032.4138402938843
664 0 -1905.388355255127
665 0 -1905.388355255127
666 0 -1905.388355255127
667 0 -1905.388355255127
668 0 -1905.388355255127
669 0 -1905.388355255127
670 0 -1905.388355255127
671 0 -1905.388355255127
672 0 -2050.3347516059875
673 0 -2050.3347516059875
674 0 -2050.3347516059875
675 0 -2050.3347516059875
676 0 -2050.3347516059875
677 0 -2050.3347516059875
678 0 -2050.3347516059875
679 0 -2050.3347516059875
680 0 -2004.4033527374268
681 0 -2004.4033527374268
682 0 -2004.4033527374268
683 0 -2004.4033527374268
684 0 -2004.4033527374268
685 0 -2004.4033527374268
686 0 -2004.4033527374268
687 0 -2004.4033527374268
688 1 0
689 1 0
690 1 0
691 1 0
692 1 0
693 1 0
694 1 0
695 1 0
696 1 0
697 1 0
698 1 0
699 1 0
700 1 0
701 1 0
702 1 0
703 1 0
704 0 -2127.302885055542
705 0 -2127.302885055542
706 0 -2127.302885055542
707 0 -2127.302885055542
708 0 -2127.302885055542
709 0 -2127.302885055542
710 0 -2127.302885055542
711 0 -2127.302885055542
712 0 -1711.4875316619873
713 0 -1711.4875316619873
714 0 -1711.4875316619873
715 0 -1711.4875316619873
716 0 -1711.4875316619873
717 0 -1711.4875316619873
718 0 -1711.4875316619873
719 0 -1711.4875316619873
720 0 -1535.1916551589966
721 0 -1535.1916551589966
722 0 -1535.1916551589966
723 0 -1535.1916551589966
724 0 -1535.1916551589966
725 0 -1535.1916551589966
726 0 -1535.1916551589966
727 0 -1535.1916551589966
728 0 -1833.2213759422302
729 0 -1833.2213759422302
730 0 -1833.2213759422302
731 0 -1833.2213759422302
732 0 -1833.2213759422302
733 0 -1833.2213759422302
734 0 -1833.2213759422302
735 0 -1833.2213759422302
736 0 -2039.5061373710632
737 0 -2039.5061373710632
738 0 -2039.5061373710632
739 0 -2039.5061373710632
740 0 -2039.5061373710632
741 0 -2039.5061373710632
742 0 -2039.5061373710632
743 0 -2039.5061373710632
744 0 -1900.6422758102417
745 0 -1900.6422758102417
746 0 -1900.6422758102417
747 0 -1900.6422758102417
748 0 -1900.6422758102417
749 0 -1900.6422758102417
750 0 -1900.6422758102417
751 0 -1900.6422758102417
752 0 -2178.2466173171997
753 0 -2178.2466173171997
754 0 -2178.2466173171997
755 0 -2178.2466173171997
756 0 -2178.2466173171997
757 0 -2178.2466173171997
758 0 -2178.2466173171997
759 0 -2178.2466173171997
760 0 -1821.0911750793457
761 0 -1821.0911750793457
762 0 -1821.0911750793457
763 0 -1821.0911750793457
764 0 -1821.0911750793457
765 0 -1821.0911750793457
766 0 -1821.0911750793457
767 0 -1821.0911750793457
768 1 0
769 1 0
770 1 0
771 1 0
772 1 0
773 1 0
774 1 0
775 1 0
776 0 -2251.7563104629517
777 0 -2251.7563104629517
778 0 -2251.7563104629517
779 0 -2251.7563104629517
780 0 -2251.7563104629517
781 0 -2251.7563104629517
782 0 -2251.7563104629517
783 0 -2251.7563104629517
784 0 -1927.3041486740112
785 0 -1927.3041486740112
786 0 -1927.3041486740112
787 0 -1927.3041486740112
788 0 -1927.3041486740112
789 0 -1927.3041486740112
790 0 -1927.3041486740112
791 0 -1927.3041486740112
792 0 -2125.8054971694946
793 0 -2125.8054971694946
794 0 -2125.8054971694946
795 0 -2125.8054971694946
796 0 -2125.8054971694946
797 0 -2125.8054971694946
798 0 -2125.8054971694946
799 0 -2125.8054971694946
800 1 0
801 1 0
802 1 0
803 1 0
804 1 0
805 1 0
806 1 0
807 1 0
808 0 -1970.1445698738098
809 0 -1970.1445698738098
810 0 -1970.1445698738098
811 0 -1970.1445698738098
812 0 -1970.1445698738098
813 0 -1970.1445698738098
814 0 -1970.1445698738098
815 0 -1970.1445698738098
816 0 -1670.1607704162598
817 0 -1670.1607704162598
818 0 -1670.1607704162598
819 0 -1670.1607704162598
820 0 -1670.1607704162598
821 0 -1670.1607704162598
822 0 -1670.1607704162598
823 0 -1670.1607704162598
824 0 -2022.4281549453735
825 0 -2022.4281549453735
826 0 -2022.4281549453735
827 0 -2022.4281549453735
828 0 -2022.4281549453735
829 0 -2022.4281549453735
830 0 -2022.4281549453735
831 0 -2022.4281549453735
832 0 -2214.99502658844
833 0 -2214.99502658844
834 0 -2214.99502658844
835 0 -2214.99502658844
836 0 -2214.99502658844
837 0 -2214.99502658844
838 0 -2214.99502658844
839 0 -2214.99502658844
840 0 -2041.7922735214233
841 0 -2041.7922735214233
842 0 -2041.7922735214233
843 0 -2041.7922735214233
844 0 -2041.7922735214233
845 0 -2041.7922735214233
846 0 -2041.7922735214233
847 0 -2041.7922735214233
848 0 -1893.345057964325
849 0 -1893.345057964325
850 0 -1893.345057964325
851 0 -1893.345057964325
852 0 -1893.345057964325
853 0 -1893.345057964325
854 0 -1893.345057964325
855 0 -1893.345057964325
856 0 -1941.468358039856
857 0 -1941.468358039856
858 0 -1941.468358039856
859 0 -1941.468358039856
860 0 -1941.468358039856
861 0 -1941.468358039856
862 0 -1941.468358039856
863 0 -1941.468358039856
864 0 -2412.492513656616
865 0 -2412.492513656616
866 0 -2412.492513656616
867 0 -2412.492513656616
868 0 -2412.492513656616
869 0 -2412.492513656616
870 0 -2412.492513656616
871 0 -2412.492513656616
872 0 -1977.3402214050293
873 0 -1977.3402214050293
874 0 -1977.3402214050293
875 0 -1977.3402214050293
876 0 -1977.3402214050293
877 0 -1977.3402214050293
878 0 -1977.3402214050293
879 0 -1977.3402214050293
880 0 -1616.6147589683533
881 0 -1616.6147589683533
882 0 -1616.6147589683533
883 0 -1616.6147589683533
884 0 -1616.6147589683533
885 0 -1616.6147589683533
886 0 -1616.6147589683533
887 0 -1616.6147589683533
888 0 -2110.408902168274
889 0 -2110.408902168274
890 0 -2110.408902168274
891 0 -2110.408902168274
892 0 -2110.408902168274
893 0 -2110.408902168274
894 0 -2110.408902168274
895 0 -2110.408902168274
896 0 -2432.459592819214
897 0 -2432.459592819214
898 0 -2432.459592819214
899 0 -2432.459592819214
900 0 -2432.459592819214
901 0 -2432.459592819214
902 0 -2432.459592819214
903 0 -2432.459592819214
904 0 -2172.5834012031555
905 0 -2172.5834012031555
906 0 -2172.5834012031555
907 0 -2172.5834012031555
908 0 -2172.5834012031555
909 0 -2172.5834012031555
910 0 -2172.5834012031555
911 0 -2172.5834012031555
912 0 -2047.2566485404968
913 0 -2047.2566485404968
914 0 -2047.2566485404968
915 0 -2047.2566485404968
916 0 -2047.2566485404968
917 0 -2047.2566485404968
918 0 -2047.2566485404968
919 0 -2047.2566485404968
920 0 -2163.0256175994873
921 0 -2163.0256175994873
922 0 -2163.0256175994873
923 0 -2163.0256175994873
924 0 -2163.0256175994873
925 0 -2163.0256175994873
926 0 -2163.0256175994873
927 0 -2163.0256175994873
928 0 -2240.88317155838
929 0 -2240.88317155838
930 0 -2240.88317155838
931 0 -2240.88317155838
932 0 -2240.88317155838
933 0 -2240.88317155838
934 0 -2240.88317155838
935 0 -2240.88317155838
936 0 -2206.83753490448
937 0 -2206.83753490448
938 0 -2206.83753490448
939 0 -2206.83753490448
940 0 -2206.83753490448
941 0 -2206.83753490448
942 0 -2206.83753490448
943 0 -2206.83753490448
944 0 -2257.8842639923096
945 0 -2257.8842639923096
946 0 -2257.8842639923096
947 0 -2257.8842639923096
948 0 -2257.8842639923096
949 0 -2257.8842639923096
950 0 -2257.8842639923096
951 0 -2257.8842639923096
952 0 -2130.832314491272
953 0 -2130.832314491272
954 0 -2130.832314491272
955 0 -2130.832314491272
956 0 -2130.832314491272
957 0 -2130.832314491272
958 0 -2130.832314491272
959 0 -2130.832314491272
960 0 -1985.4338765144348
961 0 -1985.4338765144348
962 0 -1985.4338765144348
963 0 -1985.4338765144348
964 0 -1985.4338765144348
965 0 -1985.4338765144348
966 0 -1985.4338765144348
967 0 -1985.4338765144348
968 0 -2237.9372119903564
969 0 -2237.9372119903564
970 0 -2237.9372119903564
971 0 -2237.9372119903564
972 0 -2237.9372119903564
973 0 -2237.9372119903564
974 0 -2237.9372119903564
975 0 -2237.9372119903564
976 0 -2070.769429206848
977 0 -2070.769429206848
978 0 -2070.769429206848
979 0 -2070.769429206848
980 0 -2070.769429206848
981 0 -2070.769429206848
982 0 -2070.769429206848
983 0 -2070.769429206848
984 0 -2136.7721557617188
985 0 -2136.7721557617188
986 0 -2136.7721557617188
987 0 -2136.7721557617188
988 0 -2136.7721557617188
989 0 -2136.7721557617188
990 0 -2136.7721557617188
991 0 -2136.7721557617188
992 1 0
993 1 0
994 1 0
995 1 0
996 1 0
997 1 0
998 1 0
999 1 0
1000 0 -2290.5233502388
1001 0 -2290.5233502388
1002 0 -2290.5233502388
1003 0 -2290.5233502388
1004 0 -2290.5233502388
1005 0 -2290.5233502388
1006 0 -2290.5233502388
1007 0 -2290.5233502388
1008 0 -2427.323341369629
1009 0 -2427.323341369629
1010 0 -2427.323341369629
1011 0 -2427.323341369629
1012 0 -2427.323341369629
1013 0 -2427.323341369629
1014 0 -2427.323341369629
1015 0 -2427.323341369629
1016 1 0
1017 1 0
1018 1 0
1019 1 0
1020 1 0
1021 1 0
1022 1 0
1023 1 0
1024 0 -1977.3232340812683
1025 0 -1977.3232340812683
1026 0 -1977.3232340812683
1027 0 -1977.3232340812683
1028 0 -1977.3232340812683
1029 0 -1977.3232340812683
1030 0 -1977.3232340812683
1031 0 -1977.3232340812683
1032 1 0
1033 1 0
1034 1 0
1035 1 0
1036 1 0
1037 1 0
1038 1 0
1039 1 0
1040 0 -1890.9494876861572
1041 0 -1890.9494876861572
1042 0 -1890.9494876861572
1043 0 -1890.9494876861572
1044 0 -1890.9494876861572
1045 0 -1890.9494876861572
1046 0 -1890.9494876861572
1047 0 -1890.9494876861572
1048 0 -2022.3541259765625
1049 0 -2022.3541259765625
1050 0 -2022.3541259765625
1051 0 -2022.3541259765625
1052 0 -2022.3541259765625
1053 0 -2022.3541259765625
1054 0 -2022.3541259765625
1055 0 -2022.3541259765625
1056 0 -2162.738084793091
1057 0 -2162.738084793091
1058 0 -2162.738084793091
1059 0 -2162.738084793091
1060 0 -2162.738084793091
1061 0 -2162.738084793091
1062 0 -2162.738084793091
1063 0 -2162.738084793091
1064 0 -2222.56475687027
1065 0 -2222.56475687027
1066 0 -2222.56475687027
1067 0 -2222.56475687027
1068 0 -2222.56475687027
1069 0 -2222.56475687027
1070 0 -2222.56475687027
1071 0 -2222.56475687027
1072 0 -2240.8833503723145
1073 0 -2240.8833503723145
1074 0 -2240.8833503723145
1075 0 -2240.8833503723145
1076 0 -2240.8833503723145
1077 0 -2240.8833503723145
1078 0 -2240.8833503723145
1079 0 -2240.8833503723145
1080 0 -1760.9549760818481
1081 0 -1760.9549760818481
1082 0 -1760.9549760818481
1083 0 -1760.9549760818481
1084 0 -1760.9549760818481
1085 0 -1760.9549760818481
1086 0 -1760.9549760818481
1087 0 -1760.9549760818481
1088 0 -1759.7841024398804
1089 0 -1759.7841024398804
1090 0 -1759.7841024398804
1091 0 -1759.7841024398804
1092 0 -1759.7841024398804
1093 0 -1759.7841024398804
1094 0 -1759.7841024398804
1095 0 -1759.7841024398804
1096 3 0
1097 3 0
1098 3 0
1099 3 0
1100 3 0
1101 3 0
1102 3 0
1103 3 0
1104 3 0
1105 3 0
1106 3 0
1107 3 0
1108 3 0
1109 3 0
1110 3 0
1111 3 0
1112 3 0
1113 3 0
1114 3 0
1115 3 0
1116 3 0
1117 3 0
1118 3 0
1119 3 0
1120 3 0
1121 3 0
1122 3 0
1123 3 0
1124 3 0
1125 3 0
1126 3 0
1127 3 0
1128 3 0
1129 3 0
1130 3 0
1131 3 0
1132 3 0
1133 3 0
1134 3 0
1135 3 0
1136 3 0
1137 3 0
1138 3 0
1139 3 0
1140 3 0
1141 3 0
1142 3 0
1143 3 0
1144 3 0
1145 3 0
1146 3 0
1147 3 0
1148 3 0
1149 3 0
1150 3 0
1151 3 0
1152 3 0
1153 3 0
1154 3 0
1155 3 0
1156 3 0
1157 3 0
1158 3 0
1159 3 0
1160 3 0
1161 3 0
1162 3 0
1163 3 0
1164 3 0
1165 3 0
1166 3 0
1167 3 0
1168 3 0
1169 3 0
1170 3 0
1171 3 0
1172 3 0
1173 3 0
1174 3 0
1175 3 0
1176 3 0
1177 3 0
1178 3 0
1179 3 0
1180 3 0
1181 3 0
1182 3 0
1183 3 0
1184 3 0
1185 3 0
1186 3 0
1187 3 0
1188 3 0
1189 3 0
1190 3 0
1191 3 0
1192 3 0
1193 3 0
1194 3 0
1195 3 0
1196 3 0
1197 3 0
1198 3 0
1199 3 0
1200 3 0
