1 0 0
2 0 0
3 0 0
4 0 0
5 0 0
6 0 0
7 0 0
8 1 0
9 1 0
10 1 0
11 1 0
12 1 0
13 1 0
14 1 0
15 1 0
16 1 0
17 1 0
18 1 0
19 1 0
20 1 0
21 1 0
22 1 0
23 1 0
24 1 0
25 1 0
26 1 0
27 1 0
28 1 0
29 1 0
30 1 0
31 1 0
32 1 0
33 1 0
34 1 0
35 1 0
36 1 0
37 1 0
38 1 0
39 1 0
40 1 0
41 1 0
42 1 0
43 1 0
44 1 0
45 1 0
46 1 0
47 1 0
48 1 0
49 1 0
50 1 0
51 1 0
52 1 0
53 1 0
54 1 0
55 1 0
56 2 0
57 2 0
58 2 0
59 2 0
60 2 0
61 2 0
62 2 0
63 2 0
64 1 0
65 1 0
66 1 0
67 1 0
68 1 0
69 1 0
70 1 0
71 1 0
72 1 0
73 1 0
74 1 0
75 1 0
76 1 0
77 1 0
78 1 0
79 1 0
80 2 0
81 2 0
82 2 0
83 2 0
84 2 0
85 2 0
86 2 0
87 2 0
88 2 0
89 2 0
90 2 0
91 2 0
92 2 0
93 2 0
94 2 0
95 2 0
96 2 0
97 2 0
98 2 0
99 2 0
100 2 0
101 2 0
102 2 0
103 2 0
104 2 0
105 2 0
106 2 0
107 2 0
108 2 0
109 2 0
110 2 0
111 2 0
112 2 0
113 2 0
114 2 0
115 2 0
116 2 0
117 2 0
118 2 0
119 2 0
120 2 0
121 2 0
122 2 0
123 2 0
124 2 0
125 2 0
126 2 0
127 2 0
128 2 0
129 2 0
130 2 0
131 2 0
132 2 0
133 2 0
134 2 0
135 2 0
136 2 0
137 2 0
138 2 0
139 2 0
140 2 0
141 2 0
142 2 0
143 2 0
144 2 0
145 2 0
146 2 0
147 2 0
148 2 0
149 2 0
150 2 0
151 2 0
152 2 0
153 2 0
154 2 0
155 2 0
156 2 0
157 2 0
158 2 0
159 2 0
160 2 0
161 2 0
162 2 0
163 2 0
164 2 0
165 2 0
166 2 0
167 2 0
168 2 0
169 2 0
170 2 0
171 2 0
172 2 0
173 2 0
174 2 0
175 2 0
176 2 0
177 2 0
178 2 0
179 2 0
180 2 0
181 2 0
182 2 0
183 2 0
184 2 0
185 2 0
186 2 0
187 2 0
188 2 0
189 2 0
190 2 0
191 2 0
192 2 0
193 2 0
194 2 0
195 2 0
196 2 0
197 2 0
198 2 0
199 2 0
200 2 0
201 2 0
202 2 0
203 2 0
204 2 0
205 2 0
206 2 0
207 2 0
208 2 0
209 2 0
210 2 0
211 2 0
212 2 0
213 2 0
214 2 0
215 2 0
216 2 0
217 2 0
218 2 0
219 2 0
220 2 0
221 2 0
222 2 0
223 2 0
224 2 0
225 2 0
226 2 0
227 2 0
228 2 0
229 2 0
230 2 0
231 2 0
232 2 0
233 2 0
234 2 0
235 2 0
236 2 0
237 2 0
238 2 0
239 2 0
240 2 0
241 2 0
242 2 0
243 2 0
244 2 0
245 2 0
246 2 0
247 2 0
248 2 0
249 2 0
250 2 0
251 2 0
252 2 0
253 2 0
254 2 0
255 2 0
256 2 0
257 2 0
258 2 0
259 2 0
260 2 0
261 2 0
262 2 0
263 2 0
264 2 0
265 2 0
266 2 0
267 2 0
268 2 0
269 2 0
270 2 0
271 2 0
272 2 0
273 2 0
274 2 0
275 2 0
276 2 0
277 2 0
278 2 0
279 2 0
280 2 0
281 2 0
282 2 0
283 2 0
284 2 0
285 2 0
286 2 0
287 2 0
288 2 0
289 2 0
290 2 0
291 2 0
292 2 0
293 2 0
294 2 0
295 2 0
296 2 0
297 2 0
298 2 0
299 2 0
300 2 0
301 2 0
302 2 0
303 2 0
304 2 0
305 2 0
306 2 0
307 2 0
308 2 0
309 2 0
310 2 0
311 2 0
312 2 0
313 2 0
314 2 0
315 2 0
316 2 0
317 2 0
318 2 0
319 2 0
320 2 0
321 2 0
322 2 0
323 2 0
324 2 0
325 2 0
326 2 0
327 2 0
328 0 -1876.320719718933
329 0 -1876.320719718933
330 0 -1876.320719718933
331 0 -1876.320719718933
332 0 -1876.320719718933
333 0 -1876.320719718933
334 0 -1876.320719718933
335 0 -1876.320719718933
336 0 -1559.6015453338623
337 0 -1559.6015453338623
338 0 -1559.6015453338623
339 0 -1559.6015453338623
340 0 -1559.6015453338623
341 0 -1559.6015453338623
342 0 -1559.6015453338623
343 0 -1559.6015453338623
344 0 -1449.5077729225159
345 0 -1449.5077729225159
346 0 -1449.5077729225159
347 0 -1449.5077729225159
348 0 -1449.5077729225159
349 0 -1449.5077729225159
350 0 -1449.5077729225159
351 0 -1449.5077729225159
352 0 -1309.0398609638214
353 0 -1309.0398609638214
354 0 -1309.0398609638214
355 0 -1309.0398609638214
356 0 -1309.0398609638214
357 0 -1309.0398609638214
358 0 -1309.0398609638214
359 0 -1309.0398609638214
360 1 0
361 1 0
362 1 0
363 1 0
364 1 0
365 1 0
366 1 0
367 1 0
368 1 0
369 1 0
370 1 0
371 1 0
372 1 0
373 1 0
374 1 0
375 1 0
376 1 0
377 1 0
378 1 0
379 1 0
380 1 0
381 1 0
382 1 0
383 1 0
384 1 0
385 1 0
386 1 0
387 1 0
388 1 0
389 1 0
390 1 0
391 1 0
392 1 0
393 1 0
394 1 0
395 1 0
396 1 0
397 1 0
398 1 0
399 1 0
400 1 0
401 1 0
402 1 0
403 1 0
404 1 0
405 1 0
406 1 0
407 1 0
408 1 0
409 1 0
410 1 0
411 1 0
412 1 0
413 1 0
414 1 0
415 1 0
416 1 0
417 1 0
418 1 0
419 1 0
420 1 0
421 1 0
422 1 0
423 1 0
424 1 0
425 1 0
426 1 0
427 1 0
428 1 0
429 1 0
430 1 0
431 1 0
432 1 0
433 1 0
434 1 0
435 1 0
436 1 0
437 1 0
438 1 0
439 1 0
440 1 0
441 1 0
442 1 0
443 1 0
444 1 0
445 1 0
446 1 0
447 1 0
448 1 0
449 1 0
450 1 0
451 1 0
452 1 0
453 1 0
454 1 0
455 1 0
456 1 0
457 1 0
458 1 0
459 1 0
460 1 0
461 1 0
462 1 0
463 1 0
464 2 0
465 2 0
466 2 0
467 2 0
468 2 0
469 2 0
470 2 0
471 2 0
472 2 0
473 2 0
474 2 0
475 2 0
476 2 0
477 2 0
478 2 0
479 2 0
480 2 0
481 2 0
482 2 0
483 2 0
484 2 0
485 2 0
486 2 0
487 2 0
488 1 0
489 1 0
490 1 0
491 1 0
492 1 0
493 1 0
494 1 0
495 1 0
496 1 0
497 1 0
498 1 0
499 1 0
500 1 0
501 1 0
502 1 0
503 1 0
504 2 0
505 2 0
506 2 0
507 2 0
508 2 0
509 2 0
510 2 0
511 2 0
512 2 0
513 2 0
514 2 0
515 2 0
516 2 0
517 2 0
518 2 0
519 2 0
520 2 0
521 2 0
522 2 0
523 2 0
524 2 0
525 2 0
526 2 0
527 2 0
528 2 0
529 2 0
530 2 0
531 2 0
532 2 0
533 2 0
534 2 0
535 2 0
536 2 0
537 2 0
538 2 0
539 2 0
540 2 0
541 2 0
542 2 0
543 2 0
544 1 0
545 1 0
546 1 0
547 1 0
548 1 0
549 1 0
550 1 0
551 1 0
552 2 0
553 2 0
554 2 0
555 2 0
556 2 0
557 2 0
558 2 0
559 2 0
560 2 0
561 2 0
562 2 0
563 2 0
564 2 0
565 2 0
566 2 0
567 2 0
568 2 0
569 2 0
570 2 0
571 2 0
572 2 0
573 2 0
574 2 0
575 2 0
576 2 0
577 2 0
578 2 0
579 2 0
580 2 0
581 2 0
582 2 0
583 2 0
584 2 0
585 2 0
586 2 0
587 2 0
588 2 0
589 2 0
590 2 0
591 2 0
592 2 0
593 2 0
594 2 0
595 2 0
596 2 0
597 2 0
598 2 0
599 2 0
600 1 0
601 1 0
602 1 0
603 1 0
604 1 0
605 1 0
606 1 0
607 1 0
608 1 0
609 1 0
610 1 0
611 1 0
612 1 0
613 1 0
614 1 0
615 1 0
616 2 0
617 2 0
618 2 0
619 2 0
620 2 0
621 2 0
622 2 0
623 2 0
624 1 0
625 1 0
626 1 0
627 1 0
628 1 0
629 1 0
630 1 0
631 1 0
632 1 0
633 1 0
634 1 0
635 1 0
636 1 0
637 1 0
638 1 0
639 1 0
640 1 0
641 1 0
642 1 0
643 1 0
644 1 0
645 1 0
646 1 0
647 1 0
648 1 0
649 1 0
650 1 0
651 1 0
652 1 0
653 1 0
654 1 0
655 1 0
656 1 0
657 1 0
658 1 0
659 1 0
660 1 0
661 1 0
662 1 0
663 1 0
664 2 0
665 2 0
666 2 0
667 2 0
668 2 0
669 2 0
670 2 0
671 2 0
672 2 0
673 2 0
674 2 0
675 2 0
676 2 0
677 2 0
678 2 0
679 2 0
680 2 0
681 2 0
682 2 0
683 2 0
684 2 0
685 2 0
686 2 0
687 2 0
688 2 0
689 2 0
690 2 0
691 2 0
692 2 0
693 2 0
694 2 0
695 2 0
696 2 0
697 2 0
698 2 0
699 2 0
700 2 0
701 2 0
702 2 0
703 2 0
704 1 0
705 1 0
706 1 0
707 1 0
708 1 0
709 1 0
710 1 0
711 1 0
712 2 0
713 2 0
714 2 0
715 2 0
716 2 0
717 2 0
718 2 0
719 2 0
720 1 0
721 1 0
722 1 0
723 1 0
724 1 0
725 1 0
726 1 0
727 1 0
728 1 0
729 1 0
730 1 0
731 1 0
732 1 0
733 1 0
734 1 0
735 1 0
736 2 0
737 2 0
738 2 0
739 2 0
740 2 0
741 2 0
742 2 0
743 2 0
744 2 0
745 2 0
746 2 0
747 2 0
748 2 0
749 2 0
750 2 0
751 2 0
752 1 0
753 1 0
754 1 0
755 1 0
756 1 0
757 1 0
758 1 0
759 1 0
760 2 0
761 2 0
762 2 0
763 2 0
764 2 0
765 2 0
766 2 0
767 2 0
768 2 0
769 2 0
770 2 0
771 2 0
772 2 0
773 2 0
774 2 0
775 2 0
776 2 0
777 2 0
778 2 0
779 2 0
780 2 0
781 2 0
782 2 0
783 2 0
784 2 0
785 2 0
786 2 0
787 2 0
788 2 0
789 2 0
790 2 0
791 2 0
792 2 0
793 2 0
794 2 0
795 2 0
796 2 0
797 2 0
798 2 0
799 2 0
800 1 0
801 1 0
802 1 0
803 1 0
804 1 0
805 1 0
806 1 0
807 1 0
808 1 0
809 1 0
810 1 0
811 1 0
812 1 0
813 1 0
814 1 0
815 1 0
816 2 0
817 2 0
818 2 0
819 2 0
820 2 0
821 2 0
822 2 0
823 2 0
824 2 0
825 2 0
826 2 0
827 2 0
828 2 0
829 2 0
830 2 0
831 2 0
832 1 0
833 1 0
834 1 0
835 1 0
836 1 0
837 1 0
838 1 0
839 1 0
840 2 0
841 2 0
842 2 0
843 2 0
844 2 0
845 2 0
846 2 0
847 2 0
848 2 0
849 2 0
850 2 0
851 2 0
852 2 0
853 2 0
854 2 0
855 2 0
856 2 0
857 2 0
858 2 0
859 2 0
860 2 0
861 2 0
862 2 0
863 2 0
864 1 0
865 1 0
866 1 0
867 1 0
868 1 0
869 1 0
870 1 0
871 1 0
872 2 0
873 2 0
874 2 0
875 2 0
876 2 0
877 2 0
878 2 0
879 2 0
880 2 0
881 2 0
882 2 0
883 2 0
884 2 0
885 2 0
886 2 0
887 2 0
888 2 0
889 2 0
890 2 0
891 2 0
892 2 0
893 2 0
894 2 0
895 2 0
896 2 0
897 2 0
898 2 0
899 2 0
900 2 0
901 2 0
902 2 0
903 2 0
904 2 0
905 2 0
906 2 0
907 2 0
908 2 0
909 2 0
910 2 0
911 2 0
912 2 0
913 2 0
914 2 0
915 2 0
916 2 0
917 2 0
918 2 0
919 2 0
920 2 0
921 2 0
922 2 0
923 2 0
924 2 0
925 2 0
926 2 0
927 2 0
928 2 0
929 2 0
930 2 0
931 2 0
932 2 0
933 2 0
934 2 0
935 2 0
936 2 0
937 2 0
938 2 0
939 2 0
940 2 0
941 2 0
942 2 0
943 2 0
944 2 0
945 2 0
946 2 0
947 2 0
948 2 0
949 2 0
950 2 0
951 2 0
952 2 0
953 2 0
954 2 0
955 2 0
956 2 0
957 2 0
958 2 0
959 2 0
960 2 0
961 2 0
962 2 0
963 2 0
964 2 0
965 2 0
966 2 0
967 2 0
968 2 0
969 2 0
970 2 0
971 2 0
972 2 0
973 2 0
974 2 0
975 2 0
976 2 0
977 2 0
978 2 0
979 2 0
980 2 0
981 2 0
982 2 0
983 2 0
984 2 0
985 2 0
986 2 0
987 2 0
988 2 0
989 2 0
990 2 0
991 2 0
992 2 0
993 2 0
994 2 0
995 2 0
996 2 0
997 2 0
998 2 0
999 2 0
1000 2 0
1001 2 0
1002 2 0
1003 2 0
1004 2 0
1005 2 0
1006 2 0
1007 2 0
1008 2 0
1009 2 0
1010 2 0
1011 2 0
1012 2 0
1013 2 0
1014 2 0
1015 2 0
1016 2 0
1017 2 0
1018 2 0
1019 2 0
1020 2 0
1021 2 0
1022 2 0
1023 2 0
1024 2 0
1025 2 0
1026 2 0
1027 2 0
1028 2 0
1029 2 0
1030 2 0
1031 2 0
1032 2 0
1033 2 0
1034 2 0
1035 2 0
1036 2 0
1037 2 0
1038 2 0
1039 2 0
1040 2 0
1041 2 0
1042 2 0
1043 2 0
1044 2 0
1045 2 0
1046 2 0
1047 2 0
1048 2 0
1049 2 0
1050 2 0
1051 2 0
1052 2 0
1053 2 0
1054 2 0
1055 2 0
1056 2 0
1057 2 0
1058 2 0
1059 2 0
1060 2 0
1061 2 0
1062 2 0
1063 2 0
1064 2 0
1065 2 0
1066 2 0
1067 2 0
1068 2 0
1069 2 0
1070 2 0
1071 2 0
1072 2 0
1073 2 0
1074 2 0
1075 2 0
1076 2 0
1077 2 0
1078 2 0
1079 2 0
1080 2 0
1081 2 0
1082 2 0
1083 2 0
1084 2 0
1085 2 0
1086 2 0
1087 2 0
1088 2 0
1089 2 0
1090 2 0
1091 2 0
1092 2 0
1093 2 0
1094 2 0
1095 2 0
1096 3 0
1097 3 0
1098 3 0
1099 3 0
1100 3 0
1101 3 0
1102 3 0
1103 3 0
1104 3 0
1105 3 0
1106 3 0
1107 3 0
1108 3 0
1109 3 0
1110 3 0
1111 3 0
1112 3 0
1113 3 0
1114 3 0
1115 3 0
1116 3 0
1117 3 0
1118 3 0
1119 3 0
1120 3 0
1121 3 0
1122 3 0
1123 3 0
1124 3 0
1125 3 0
1126 3 0
1127 3 0
1128 3 0
1129 3 0
1130 3 0
1131 3 0
1132 3 0
1133 3 0
1134 3 0
1135 3 0
1136 3 0
1137 3 0
1138 3 0
1139 3 0
1140 3 0
1141 3 0
1142 3 0
1143 3 0
1144 3 0
1145 3 0
1146 3 0
1147 3 0
1148 3 0
1149 3 0
1150 3 0
1151 3 0
1152 3 0
1153 3 0
1154 3 0
1155 3 0
1156 3 0
1157 3 0
1158 3 0
1159 3 0
1160 3 0
1161 3 0
1162 3 0
1163 3 0
1164 3 0
1165 3 0
1166 3 0
1167 3 0
1168 3 0
1169 3 0
1170 3 0
1171 3 0
1172 3 0
1173 3 0
1174 3 0
1175 3 0
1176 3 0
1177 3 0
1178 3 0
1179 3 0
1180 3 0
1181 3 0
1182 3 0
1183 3 0
1184 3 0
1185 3 0
1186 3 0
1187 3 0
1188 3 0
1189 3 0
1190 3 0
1191 3 0
1192 3 0
1193 3 0
1194 3 0
1195 3 0
1196 3 0
1197 3 0
1198 3 0
1199 3 0
1200 3 0
